0.610294118
0.761904762
0.631407256
0.665532693
0.557267796
0.647795869
0.587188358
0.552033253
0.664559065
0.510322048
0.57661812
0.444988044
0.473282443
0.438285494
0.413087935
0.462028855
0.470277411
0.502293578
0.465276786
0.432354392
0.455901345
0.434604167
0.399199545
0.380130928
0.493645815
0.37972028
0.41363271
0.415304606
0.57247261
0.750386117
0.521973955
0.416954943
0.527855279
0.581804703
0.495058003
0.595307439
0.544778611
0.670690812
0.655170972
0.539748032
0.556438792
0.609314989
0.516912549
0.791584541
0.638343429
0.797263783
0.618807006
0.63515278
0.723271835
0.724686224
0.609606753
0.65859375
0.67390106
0.698661111
0.703180212
0.81689677
0.744937248
0.72062156
0.819514991
0.67246116
0.669871021
0.633857547
0.771201141
0.691108266
0.70793003
0.754327144
0.81557904
0.300097434
0.320413877
0.354177633
0.420315332
0.401186172
0.398111743
0.419821573
0.409050703
0.343825666
0.343890005
0.310971899
0.39304909
0.278712506
0.341877567
0.337212234
0.262636588
0.353073684
0.369399912
0.409575694
0.32565625
0.312005504
0.405866498
0.309273338
0.459975918
0.416952604
0.410769475
0.262577533
0.365745999
0.323516279
0.456676796
0.253265295
0.372727273
0.358038422
0.399220445
0.413272401
0.358091396
0.399938119
0.340729099
0.339052876
0.368599382
0.300233866
0.266324742
0.353619013
0.33445756
0.365432675
0.44021263
0.206483871
0.385544798
0.327650117
0.374320464
0.363674801
